1 -0.658492837082 -0.260820433013
1 -0.888508649784 -0.570138772127
1 -0.931755209931 -0.786590444313
1 -0.76717094239 -0.419205999773
1 -0.913280309646 -0.626726831233
1 -0.979769181752 -0.542736262576
1 -0.64656958769 -0.634766151957
1 -0.876963017158 -0.697665234239
1 -0.411031129782 -0.506645343177
1 -0.94852139435 -0.57390818126
1 -0.828231573482 -0.316188517379
1 -0.839069174671 -0.712930559194
1 -0.865728918364 -0.266935947416
1 -0.882872719549 -0.672468063642
1 -0.92093648958 -0.539475176251
1 -0.811427627387 -0.103130877482
1 -0.907040192585 -1.0
1 -0.950400037762 -0.834583937781
1 -0.842193953412 -0.547733466801
1 -0.830176299828 -0.51998686181
1 -0.872950839017 -0.531091760087
1 -0.843855467183 -0.790758691342
1 -0.88811215218 -0.447218496694
1 -1.0 -0.85310252871
1 -0.929045809634 -0.752313846322
1 -0.819168771093 -0.61617717787
1 -0.940761369805 -0.817230579136
1 -0.872960279436 -0.572437955291
0 0.273059403838 -0.144351947072
0 0.180392249416 -0.235193143116
0 -0.183375421869 -0.45135546232
0 0.263401855042 -0.0133376084585
0 0.399400533384 -0.205514911454
0 -0.40569729296 -0.124808890175
0 -0.187670812584 0.0194062007562
0 0.168346274575 -0.00884872704238
0 -0.671992636473 -0.469647263073
0 -0.0553444572939 -0.259952374063
0 -0.261221118218 0.157959357636
0 -0.810172051639 -0.798884035927
0 -0.131084940171 -0.333995456376
0 0.131254867716 -0.507951341777
0 0.247749640084 -0.258114591602
0 0.0942956267258 0.267444270224
0 0.31569233674 -0.237961547335
0 -0.085025135116 0.700425818106
0 -0.45673219891 -0.521699518657
0 -0.16526869793 0.392186687417
0 -0.692214014302 -0.576919016356
0 0.301578910104 0.0322628576344
0 0.295452078072 0.183516264375
0 0.287824219395 0.483066985216
0 0.381643104954 0.125450158949
0 -0.0935687144509 -0.118646453666
0 0.27962049515 0.00346050527287
0 -0.0155058884614 -0.266599672327
0 -0.0849118500861 0.102223716778
0 -0.0712326827311 -0.0216428211134
0 -0.29023152628 0.0165048505726
0 -0.407358806731 -0.588633902003
0 -0.0379835264686 -0.34568688097
0 -0.11881239527 -0.422521828554
0 -0.0296193150976 -0.624568414385
0 -0.633711736801 -0.585318073222
0 -0.154752070992 -0.406099091666
0 0.0594038375304 -0.281904099037
0 -0.16225720422 -0.00613506528038
0 -0.108550659649 -0.0734370051184
0 0.0904911378065 -0.0981727750124
0 -0.229727879918 -0.432359829986
0 0.165533029667 -0.163363220108
0 -0.295735290647 -0.505558314402
0 0.0871492294258 -0.0999636353683
0 -0.274588751741 -0.590675013588
0 0.244568218829 -0.226856649058
0 0.504614004862 0.341831447977
0 -0.385069977107 -0.626163765968
0 0.436208727668 0.219450776756
0 -0.00412074296099 0.275335004282
0 -0.260683014326 -0.166303672046
0 -0.145264449742 0.0504529938258
0 -0.75052748342 -0.936037349996
0 -0.153458733568 0.733224369777
0 -0.197743739822 -0.428238505062
0 -0.44891553185 -0.479516545907
0 0.318354534941 -0.119827326652
0 0.238875646079 0.0714897377445
0 -0.61061103113 -0.799885040842
0 -0.275098534375 0.517711139699
0 -0.110032805457 0.294385379072
0 -0.0327346534186 -0.191297513519
0 -0.216917231125 0.00922410388554
0 0.25360269996 0.178730209625
0 0.303193221779 0.14746444673
0 0.394047815723 -0.210934414627
0 0.138797762621 -0.342300669031
0 0.375714521725 0.0922918711363
0 -0.392792239975 -0.358066496444
0 -0.280970475089 -0.102700758183
0 -0.524099029997 -0.0102642105551
0 0.62959571405 0.420449435566
0 -0.039106936348 0.844335915353
0 0.166646999127 0.0174198316278
0 -0.207514573647 -0.233754198551
0 -0.63260720776 -0.340767880255
0 -0.189917632343 -0.243732966298
0 -0.0395223147908 0.0818047805805
0 -0.01797927828 -0.292352087838
0 0.337480824149 0.268257586718
0 0.255283094569 -0.2154780385
0 0.361374525029 -0.0845810051497
0 0.615236836516 -0.0916662430643
0 -0.0601401902244 -0.376725853689
0 -0.0720539991976 0.205577474261
0 -0.211979891907 -0.577755793902
0 -0.245153524817 -0.11546357085
0 -0.243057751764 -0.531349831667
0 0.443128554908 0.293384374157
0 0.0954190366052 0.0521734710236
0 -0.104293030611 -0.397113508483
0 -0.00121309386137 -0.251201401407
0 -0.209506502089 -0.266138271624
0 -0.0193670198957 -0.426901225058
0 -0.0226334049232 -0.0469572969739
0 -0.110183852163 -0.472431307993
0 0.352226758868 0.47954000696
0 -0.708574260697 -0.848042761679
0 -0.115621533596 -0.00892693055137
0 -0.189974274858 0.216768396398
0 0.539552996153 0.0720840844129
0 -0.391215689977 -0.488361362774
0 0.231870855066 -0.0150189839018
0 -0.703957895731 -0.345288043074
0 -0.42422883576 -0.508889783885
0 0.0662103797409 -0.272425833747
0 -0.237667272427 -0.439210457373
0 0.607977154186 0.328317881623
0 0.0417596941304 -0.228929042046
0 -0.202860447004 -0.451683917057
0 0.0390691746714 -0.0848312563785
0 0.247740199665 -0.0788017658352
0 0.300927521182 -0.403307226395
0 0.219390620944 -0.186206465084
0 -0.606221236223 -0.221077409743
0 -0.210686554483 -0.605142662751
0 -0.4050270232 -0.654387412363
0 -0.299530339147 -0.314968542639
0 0.0367845932359 -0.425118185053
0 0.280432371197 -0.201862807584
0 0.153505935664 -0.0332482218477
0 1.0 -0.0127119803866
0 -0.576380071275 -0.752376409129
0 0.301201293337 -0.287550392386
0 -0.375450189988 -0.728970098888
0 0.296547166694 0.896966876904
0 -0.357966533714 0.65983819694
0 -0.447631634845 -0.693395322648
0 0.0683816761464 -0.29819388996
0 -0.0156097330721 -0.231947697493
0 0.49011352104 0.504494746679
0 0.329588633735 -0.284430072377
0 -0.286002218499 0.0139788772322
0 -0.111354464138 0.316063391764
0 0.0078402681079 -0.339727773585
0 -0.147265818602 -0.486242047681
0 -0.192494866772 0.00938833125442
0 -0.204049939817 -0.547788209257
0 -0.458601401902 -0.78899911239
0 0.248655920323 -0.298710033119
0 -0.573472422176 -0.225558470809
0 -0.32753062236 -0.244233468756
0 -0.266403908334 -0.498293208416
0 -0.327492860683 -0.47858592415
0 -0.0238795402516 0.298389398732
0 0.495277430318 0.483395439953
0 0.147445186566 -0.21626789394
0 0.0347549031177 0.00977152844848
0 0.365556630714 -0.258685477217
0 -0.222694767648 0.0780666528507
0 0.321913572963 -0.194902695284
0 -0.355691392698 -0.297685567151
0 0.00522527200208 -0.404151824292
0 -0.273786316112 0.116800850854
0 0.19497769701 -0.184736239115
0 -0.350404757971 -0.138001822142
0 -0.497977390196 0.0475047215369
0 -0.561889027873 -0.72437173256
0 0.430166859409 -0.119084393317
0 0.0956550470841 0.121860617886
0 -0.0924830662481 -0.523490379013
0 -0.422850534564 0.104170984152
0 -0.303693563994 -0.0919946978021
0 0.126714026103 -0.131737721072
0 -0.534606216516 -0.522919493398
0 -0.458110500106 -0.808800240867
0 -0.183233815581 -0.473831150804
0 -0.684236860117 0.276140500424
0 0.472507139317 0.0023030933398
0 -0.10340563121 -0.282631391671
0 0.198593377546 -0.452348646884
0 -0.663279129593 -0.901314992004
0 0.221722404475 0.0488498218915
0 0.165240376673 -0.108636404515
0 -0.0700715111751 0.00443804913526
0 0.138155814118 -0.414318280461
0 -0.190200844918 -0.0203915649695
0 0.243407047273 -0.28323355869
0 -0.432564725874 -0.307640873846
0 0.0751410162611 -0.509296442131
0 -0.311821764886 -0.158037561145
0 -0.0315168393477 -0.591644737099
0 0.278308276887 0.0106552281001
0 -0.00693398786906 -0.0664768928182
0 0.206485567959 0.142795697243
0 -0.397021547757 -0.453842333906
0 -0.0307899270728 -0.492005646293
0 0.175256661396 -0.417258732399
0 -0.290684666399 -0.553215532781
0 -0.228859361356 -0.145321670583
0 0.0398904911378 -0.199516702314
0 0.506992990489 0.181045033491
0 0.756380543296 0.181920912791
0 -0.245276250266 -0.644220956194
0 0.0791531944018 -0.385375161784
0 -0.46130136178 -0.718928768334
0 -0.242831181704 0.63974771548
0 0.0806070189516 0.196247795639
0 -0.0450732812537 -0.418517808894
0 0.278449883175 -0.31498418334
0 -0.189681621864 -0.367036438925
0 0.149068938661 0.115659079623
0 -0.346458662765 -0.508428383182
0 -0.471194921054 0.192799020892
0 -0.174397583253 -0.474292551507
0 -0.191059923061 -0.418322300122
0 0.231342191593 0.250786922809
0 -0.0729886006939 -0.417047582925
0 -0.546000802436 -0.729032661696
0 -0.226206603573 1.0
0 -0.303750206509 -0.181029392789
0 -0.262571098157 -0.215509319903
0 0.639734724222 -0.167421982224
0 0.18693445989 -0.202910734605
0 -0.16315404404 -0.176212056635
0 -0.151117509617 -0.441775532468
0 0.0746123527885 -0.0550435398036
0 0.0115975549314 -0.130846201069
0 -0.217729107172 0.415194159762
0 0.27917679545 -0.12728794141
0 -0.0589601378301 0.432633542267
