1 -0.116722994737 -0.35486772587
1 -0.982100557995 -0.874817732498
1 -0.945122253387 -0.750459219422
1 -0.772837646313 -0.78739561043
1 -0.964508360011 -0.738765693942
1 -0.970950573357 -0.48335447952
1 -0.95118784503 -0.501297176511
1 -0.794047394868 -0.226409377545
1 -0.872206309405 -0.677864677031
1 -0.838072489767 -0.788929497983
1 -0.976025055254 -0.787139962505
1 -0.704847517766 -0.314134489746
1 -0.896508320366 -0.592942223569
1 -0.74919967888 -0.820222697748
1 -0.817001496576 -0.727053231579
1 -0.748525724253 -0.224780805575
1 -0.717404878242 -0.760230651239
1 -0.95905725641 -0.597969966103
1 -0.962347740765 -0.0308765883311
1 -0.831402321179 -0.614293559566
1 -0.934794889838 -0.753867858428
1 -0.668503523395 -0.668112182097
1 -0.763600503484 -0.423277217036
1 -0.971654261276 -0.659013009639
1 -0.946390873861 -0.447147158521
1 -0.98200144702 -0.95147423637
1 -0.927916588204 -0.774603745716
1 -0.889461530075 -0.808159903043
1 -0.588748922168 -0.737506391198
1 -0.912931008851 -0.659723142765
1 -0.959443789211 -0.796627341072
1 -0.795890858995 -0.683469994508
1 -0.868767158587 -0.075955839188
1 -0.991882811184 -0.791287139963
1 -0.947649583238 -0.868540155661
1 -0.983765622367 -0.965847330846
1 -0.826823394154 -0.624112333592
1 -0.964924626104 -0.894464748992
1 -0.99840431331 -0.577698032458
1 -0.942991367434 -0.376266404075
1 -1.0 -0.752769519193
1 -0.930850273051 -0.335315393792
1 -0.789686511987 -0.696403885848
0 0.443055789568 -0.282708731797
0 -0.251900452937 0.669286268866
0 0.0193761955261 0.657990417937
0 0.0985361309058 0.297034484065
0 0.0486932218004 0.386293483818
0 -0.302595716424 -0.573957997993
0 -0.181046017225 -0.464673244077
0 0.529133670971 0.244692938436
0 -0.00685847943943 -0.498210464522
0 0.926301079319 0.618014657148
0 -0.145207488825 -0.394947639517
0 0.158220759785 0.370291817373
0 -0.288908490837 -0.638902039502
0 0.0425186080855 -0.225112201034
0 -0.406949661536 -0.562974605639
0 0.350882583228 0.125466320753
0 0.71168617501 0.862622379609
0 -0.141044827894 -0.162033442536
0 0.680178796198 0.357992311625
0 -0.141143938868 -0.442214100403
0 -0.349068852394 -0.50748006893
0 -0.0129240710824 0.334131838582
0 0.132521284082 -0.245933304297
0 -0.346501878153 -0.165811350768
0 -0.311049882553 -0.497964285038
0 -0.34822640911 -0.449599484917
0 -0.654608164762 -0.671530289545
0 -0.064838399556 0.996809135153
0 -0.316500986154 -0.560967296002
0 -0.503781083679 0.197180298067
0 0.180421618086 -0.293266044274
0 -0.405839618621 -0.465108792395
0 0.563227846219 0.0470013445187
0 -0.145118288948 -0.604976612949
0 -0.400338959533 -0.312950934535
0 -0.374738594805 -0.513899672392
0 -0.52450518846 0.985513284224
0 0.251662586598 0.11578010491
0 0.224050269086 -0.15795254417
0 -0.431083183841 -0.00311511731399
0 -0.0934616490084 0.348760580984
0 -0.0948293804573 -0.43775446437
0 -0.171362875011 -0.271072016967
0 -0.0986154196854 0.344821709243
0 -0.0974459101856 0.0179332285492
0 -0.070101192305 -0.0693279300093
0 -0.124334717583 -0.314740470013
0 0.507963566806 0.417179540591
0 0.355530887935 0.092459333043
0 0.302675005203 -0.0656920484027
0 -0.00507448189738 -0.0297309068873
0 0.0719545675293 -0.335741473668
0 0.181055928323 0.194339765561
0 0.211562286292 0.0241445262939
0 -0.160133601594 0.0331300774519
0 -0.353053113571 -0.56899653455
0 -0.00256697424106 -0.356259586797
0 -0.178498865179 -0.221873993978
0 0.455573505654 0.22869127199
0 0.191105781143 0.0332058249853
0 0.364094076137 0.319588312156
0 0.0426870967422 -0.148209517678
0 0.285568450995 0.262957562444
0 0.865060408139 0.606822959077
0 -0.608927916588 -0.650396727707
0 -0.358573594854 0.0436779214877
0 0.860273348068 -0.0684757702577
0 0.0860778814038 -0.161787263052
0 0.215556458567 0.212254057227
0 -0.133730437971 -0.542267123677
0 -0.159786713183 -0.516853826197
0 0.453264219947 0.219828810574
0 -0.456386215646 -0.496704982294
0 0.353092757961 0.354943473403
0 0.0257192978979 0.0184350559585
0 0.269443095434 -0.202851894635
0 -0.0255508092411 0.56601397542
0 0.0327264437991 -0.341072206336
0 0.100191284181 0.708267843278
0 -0.223485336531 -0.407417577215
0 -0.245646550443 -0.123250705399
0 0.246261038485 0.127378945973
0 -0.107882295807 0.383017402996
0 0.0602495614339 -0.213163027629
0 -0.045660425979 -0.405116745886
0 0.0573257876845 -0.315374855606
0 0.501461886875 0.224439941674
0 0.220026363519 0.493230064196
0 0.402073401588 0.158151381446
0 -0.185634855348 0.0554282576174
0 -0.364609453205 0.551157990418
0 -0.136138834653 0.188393584184
0 -0.356779686215 0.121375953945
0 -0.199787902514 -0.265154240915
0 0.159132580751 -0.329217717348
0 -0.15535645262 0.0784933815593
0 0.551294884883 0.0545571609824
0 0.401994112808 -0.160679455375
0 0.546715957858 0.301333156589
0 0.539470945618 0.127606188573
0 0.0966133779993 0.207775484311
0 0.300266608522 0.519637548052
0 -0.344004281594 0.614946882042
0 0.580463244695 0.101378605109
0 0.498657046295 0.731664362679
0 -0.454443640544 -0.484471755638
0 0.0110211403709 0.119548544701
0 -0.329623279186 -0.515717613195
0 -0.086603169569 0.165593576609
0 -0.284161075156 -0.582451190183
0 0.13911216389 0.281667203212
0 0.691517091688 0.406754786297
0 0.471728594507 0.418542996194
0 0.111896290276 0.12179256538
0 -0.125702449032 -0.0639025129244
0 -0.105731587659 -0.290539133069
0 -0.121083877618 0.225992766111
0 0.167378613834 -0.155452875566
0 0.262881948918 -0.0107561497529
0 0.166843414571 -0.252390781525
0 -0.505228103908 -0.270163046566
0 -0.361408168727 -0.635038915295
0 -0.140906072529 0.544151343572
0 0.490252435652 0.258592610828
0 -0.0192176179668 0.309580169296
0 -0.146525664787 -0.30538564963
0 0.250948987581 -0.0716003560134
0 0.0876339237044 -0.365065237563
0 -0.452074888252 -0.0836063400686
0 -0.214664459796 -0.437262105403
0 0.450102579859 0.557445035696
0 0.0976738654271 -0.203817675687
0 -0.244982506913 -0.168150055864
0 -0.306788110647 -0.551574601852
0 0.458051280018 0.121944060447
0 0.117396949364 -0.14394871892
0 0.316927163345 0.269377165906
0 -0.16934101113 -0.505444353968
0 -0.39372825753 -0.606198041926
0 0.696274418466 0.341734997254
0 0.17152145257 -0.0336129679777
0 0.50303775137 0.52372791486
0 0.552731994014 0.182797735149
0 -0.370367800827 0.60177627966
0 -0.167001992131 -0.34654496563
0 0.395690654826 0.649014335221
0 0.0229045462204 -0.537457155301
0 -0.300018831085 -0.417084856174
0 -0.165535149707 -0.53188024315
0 0.150272059625 0.0305451928722
0 0.802214139172 0.152527127085
0 -0.00566914774473 -0.499403488174
0 -0.31460796654 -0.397418902797
0 -0.390982883535 -0.541291874183
0 -0.473552236439 -0.222091768137
0 0.162323954131 -0.0135114662829
0 0.236627451758 -0.0264358891814
0 -0.141926915567 0.641221807715
0 0.00725492333766 -0.00203571496203
0 -0.641208361002 -0.8073550855
0 0.227479508806 0.100176113015
0 -0.393024569611 0.107523623762
0 -0.0859886815267 -0.177514344689
0 -0.329078168826 -0.580708996913
0 0.0992596410201 -0.209820667715
0 0.198122838142 0.052114303028
0 -0.256756890691 -0.64012346848
0 0.400021804414 0.439250478156
0 -0.113412688187 -0.236805726514
0 -0.612406711795 -0.872886170394
0 0.171798963299 0.0922036851175
0 -0.0405363885943 -0.382695475979
0 -0.355183999524 -0.445423902134
0 -0.0873365907807 0.506826746454
0 0.702508498766 0.511276914045
0 -0.373440241038 -0.585064480088
0 -0.137209233178 -0.226513530403
0 -0.0846407722727 -0.0571515140038
0 0.499321089824 0.0651807525517
0 -0.418079823979 -0.646135928949
0 0.178994420052 -0.075207832295
0 0.141738604716 -0.226579809495
0 0.307838686978 0.0279887136175
0 -0.216081746732 0.138958850152
0 -0.54452560532 0.155651712841
0 -0.380843830837 0.256216031965
0 0.12399774027 -0.223455223739
0 -0.17600126862 -0.261631980609
0 0.119567479707 0.270816369042
0 -0.318413827963 -0.479169428295
0 0.214168904923 0.588889730528
0 0.371170599721 -0.0626242732971
0 0.478527607362 0.0660613176283
0 0.0650167993102 -0.184596739069
0 -0.257371378733 -0.546736228152
0 0.659811490926 0.187901225216
0 -0.246498904824 -0.637396557275
0 0.267460875943 -0.0290870528528
0 -0.75819895537 -0.953784536141
0 0.0310118239393 0.106226447251
0 -0.553386126446 -0.34660177628
0 0.411479033073 0.0689207870169
0 -0.303685937144 0.0856136497055
0 -0.350159073114 -0.15345503437
0 -0.274537399526 -0.494025413297
0 -0.0205952605132 -0.53761811881
0 0.0348672408496 0.586238566857
0 0.634994102897 0.624320639309
0 -0.183186814276 -0.0160300717708
0 0.390249462323 0.335315393792
0 0.419189866894 0.983382884845
0 0.465454869818 0.56601397542
0 0.583446485029 0.155585433749
0 -0.101727504287 0.531368947299
0 -0.355114621842 0.241350578522
0 -0.0233604567034 -0.525403829038
0 0.593288204803 0.25404775882
0 0.220323696443 -0.121271801087
0 -0.751191809469 -1.0
0 -0.364103987235 -0.410295983487
0 0.147467219045 0.153019486053
0 -0.0549867686849 -0.306483988865
0 -0.129805643379 0.925596985248
0 -0.0460469587797 -0.191205711364
0 -0.269274606777 -0.404946313936
0 -0.184158101827 -0.237818849774
0 0.602703747386 0.664959191016
0 0.304022914457 0.863540818452
0 0.217935121956 -0.143712007878
0 0.175713846794 -0.171151551878
0 0.324201908877 0.0124794061393
0 0.240909045859 -0.31584827769
0 0.277431439983 0.747419849641
0 0.536249838945 0.291088302687
0 0.142303537271 -0.133145226959
0 -0.251692319891 -0.449438521408
0 0.22656768784 0.259302743954
0 1.0 0.481025242866
0 0.277659395225 0.48004052493
0 0.0460172254874 1.0
0 -0.51476257966 -0.724998579734
0 0.551037196349 0.025517450338
0 -0.369386602178 0.612996383055
0 0.771222137427 0.0219005056148
0 -0.42684123413 -0.454210616017
0 0.249333478696 0.574118961501
0 -0.394382389962 -0.308557577594
0 -0.3506050725 0.614899539834
0 -0.238391627105 0.27266271517
0 0.136455989772 -0.359327361903
0 -0.330554922347 0.287518700172
0 -0.189460538965 -0.513123260174
0 0.0469587797457 0.0179805707577
0 0.172839628532 0.479889029863
0 -0.131113908243 0.590470960289
0 -0.0218936142799 -0.554718124491
0 -0.0817566429131 0.77974510955
